x - x - x
| 16|11 |
x - x - x

Ratkaisut:
[4, 1, 2] [4, 1, 3] [4, 5, 2] [4, 5, 3]
[6, 5, 3] [6, 5, 2] [6, 1, 3] [6, 1, 2]

[6, 1, 2] [6, 1, 3] [6, 5, 2] [6, 5, 3]
[4, 5, 3] [4, 5, 2] [4, 1, 3] [4, 1, 2]

y - y - y
| 10|15 |
y - y - y

Ratkaisut:
[2, 1, 5] [2, 1, 6] [2, 3, 5] [2, 3, 6] 
[4, 3, 6] [4, 3, 5] [4, 1, 6] [4, 1, 5]

[4, 1, 5] [4, 1, 6] [4, 3, 5] [4, 3, 6]
[2, 3, 6] [2, 3, 5] [2, 1, 6] [2, 1, 5]

z - z - z
| 10|15 |
z - z - z

Ratkaisut:
[3, 1, 2] [3, 1, 5] [3, 4, 2] [3, 4, 5]
[6, 4, 5] [6, 4, 2] [6, 1, 5] [6, 1, 2]

[4, 2, 1] [4, 2, 6] [4, 3, 1] [4, 3, 6]
[5, 3, 6] [5, 3, 1] [5, 2, 6] [5, 2, 1]

[5, 2, 1] [5, 2, 6] [5, 3, 1] [5, 3, 6]
[4, 3, 6] [4, 3, 1] [4, 2, 6] [4, 2, 1]

[6, 1, 2] [6, 1, 5] [6, 4, 2] [6, 4, 5]
[3, 4, 5] [3, 4, 2] [3, 1, 5] [3, 1, 2]